9 24 
 1.000000000000
 5.470000000000  0.000000000000  0.000000000000
 0.000000000000  5.470000000000  0.000000000000
 0.000000000000  0.000000000000  5.470000000000
   Si
8

1 1 =   243.2316940 cm-1 
           X                Y                 Z              dx              dy              dz 
  0.000000   0.000000   0.000000  -0.040577  -0.000165   0.019371
  1.367500   1.367500   1.367500  -0.000165   0.019371  -0.076971
  2.735000   2.735000   0.000000   0.019371  -0.076971  -0.030209
  4.102500   4.102500   1.367500  -0.076971  -0.030209  -0.007090
  2.735000   0.000000   2.735000  -0.030209  -0.007090   0.014306
  4.102500   1.367500   4.102500  -0.007090   0.014306   0.001448
  0.000000   2.735000   2.735000   0.014306   0.001448   0.065124
  1.367500   4.102500   4.102500   0.001448   0.065124   0.045204

2 1 =   243.1320540 cm-1 
           X                Y                 Z              dx              dy              dz 
  0.000000   0.000000   0.000000  -0.068578  -0.000389  -0.010031
  1.367500   1.367500   1.367500  -0.000389  -0.010031   0.027243
  2.735000   2.735000   0.000000  -0.010031   0.027243   0.002779
  4.102500   4.102500   1.367500   0.027243   0.002779   0.057844
  2.735000   0.000000   2.735000   0.002779   0.057844   0.065110
  4.102500   1.367500   4.102500   0.057844   0.065110  -0.003241
  0.000000   2.735000   2.735000   0.065110  -0.003241  -0.014201
  1.367500   4.102500   4.102500  -0.003241  -0.014201  -0.002970

3 1 =   243.0825350 cm-1 
           X                Y                 Z              dx              dy              dz 
  0.000000   0.000000   0.000000  -0.019540  -0.067012  -0.042563
  1.367500   1.367500   1.367500  -0.067012  -0.042563   0.013661
  2.735000   2.735000   0.000000  -0.042563   0.013661  -0.026841
  4.102500   4.102500   1.367500   0.013661  -0.026841  -0.036096
  2.735000   0.000000   2.735000  -0.026841  -0.036096   0.002855
  4.102500   1.367500   4.102500  -0.036096   0.002855   0.066621
  0.000000   2.735000   2.735000   0.002855   0.066621  -0.002111
  1.367500   4.102500   4.102500   0.066621  -0.002111   0.003258

4 1 =   242.5053170 cm-1 
           X                Y                 Z              dx              dy              dz 
  0.000000   0.000000   0.000000  -0.043072  -0.066811   0.029340
  1.367500   1.367500   1.367500  -0.066811   0.029340   0.035307
  2.735000   2.735000   0.000000   0.029340   0.035307  -0.016413
  4.102500   4.102500   1.367500   0.035307  -0.016413   0.014714
  2.735000   0.000000   2.735000  -0.016413   0.014714   0.014314
  4.102500   1.367500   4.102500   0.014714   0.014314   0.001450
  0.000000   2.735000   2.735000   0.014314   0.001450   0.065144
  1.367500   4.102500   4.102500   0.001450   0.065144  -0.078865

5 1 =   242.4559750 cm-1 
           X                Y                 Z              dx              dy              dz 
  0.000000   0.000000   0.000000  -0.059085  -0.000344  -0.028216
  1.367500   1.367500   1.367500  -0.000344  -0.028216  -0.025610
  2.735000   2.735000   0.000000  -0.028216  -0.025610  -0.006202
  4.102500   4.102500   1.367500  -0.025610  -0.006202  -0.062627
  2.735000   0.000000   2.735000  -0.006202  -0.062627   0.065101
  4.102500   1.367500   4.102500  -0.062627   0.065101  -0.003240
  0.000000   2.735000   2.735000   0.065101  -0.003240  -0.014242
  1.367500   4.102500   4.102500  -0.003240  -0.014242   0.007183

6 1 =   242.2780240 cm-1 
           X                Y                 Z              dx              dy              dz 
  0.000000   0.000000   0.000000  -0.026794  -0.000630  -0.034399
  1.367500   1.367500   1.367500  -0.000630  -0.034399  -0.045842
  2.735000   2.735000   0.000000  -0.034399  -0.045842  -0.031644
  4.102500   4.102500   1.367500  -0.045842  -0.031644   0.062425
  2.735000   0.000000   2.735000  -0.031644   0.062425   0.002859
  4.102500   1.367500   4.102500   0.062425   0.002859   0.066620
  0.000000   2.735000   2.735000   0.002859   0.066620  -0.002092
  1.367500   4.102500   4.102500   0.066620  -0.002092  -0.023755

7 1 =    0.0350820 cm-1 
           X                Y                 Z              dx              dy              dz 
  0.000000   0.000000   0.000000  -0.038086   0.000422   0.010160
  1.367500   1.367500   1.367500   0.000422   0.010160  -0.001341
  2.735000   2.735000   0.000000   0.010160  -0.001341   0.072131
  4.102500   4.102500   1.367500  -0.001341   0.072131  -0.046265
  2.735000   0.000000   2.735000   0.072131  -0.046265   0.014328
  4.102500   1.367500   4.102500  -0.046265   0.014328   0.001450
  0.000000   2.735000   2.735000   0.014328   0.001450   0.065168
  1.367500   4.102500   4.102500   0.001450   0.065168  -0.045112

8 1 =    0.0107370 cm-1 
           X                Y                 Z              dx              dy              dz 
  0.000000   0.000000   0.000000  -0.017790   0.000286   0.068017
  1.367500   1.367500   1.367500   0.000286   0.068017   0.043214
  2.735000   2.735000   0.000000   0.068017   0.043214  -0.036092
  4.102500   4.102500   1.367500   0.043214  -0.036092  -0.028014
  2.735000   0.000000   2.735000  -0.036092  -0.028014   0.065086
  4.102500   1.367500   4.102500  -0.028014   0.065086  -0.003239
  0.000000   2.735000   2.735000   0.065086  -0.003239  -0.014272
  1.367500   4.102500   4.102500  -0.003239  -0.014272   0.002963

9 0 =    0.0488960 cm-1 
           X                Y                 Z              dx              dy              dz 
  0.000000   0.000000   0.000000   0.019533   0.067012   0.042585
  1.367500   1.367500   1.367500   0.067012   0.042585  -0.013554
  2.735000   2.735000   0.000000   0.042585  -0.013554   0.026789
  4.102500   4.102500   1.367500  -0.013554   0.026789   0.036155
  2.735000   0.000000   2.735000   0.026789   0.036155   0.002854
  4.102500   1.367500   4.102500   0.036155   0.002854   0.066619
  0.000000   2.735000   2.735000   0.002854   0.066619  -0.002111
  1.367500   4.102500   4.102500   0.066619  -0.002111   0.003112

10 0 =   322.5672130 cm-1 
           X                Y                 Z              dx              dy              dz 
  0.000000   0.000000   0.000000  -0.043354   0.066709   0.028736
  1.367500   1.367500   1.367500   0.066709   0.028736   0.035207
  2.735000   2.735000   0.000000   0.028736   0.035207  -0.016989
  4.102500   4.102500   1.367500   0.035207  -0.016989   0.015129
  2.735000   0.000000   2.735000  -0.016989   0.015129   0.014316
  4.102500   1.367500   4.102500   0.015129   0.014316   0.001450
  0.000000   2.735000   2.735000   0.014316   0.001450   0.065141
  1.367500   4.102500   4.102500   0.001450   0.065141   0.078907

11 0 =   322.5984400 cm-1 
           X                Y                 Z              dx              dy              dz 
  0.000000   0.000000   0.000000  -0.019605   0.000601   0.057761
  1.367500   1.367500   1.367500   0.000601   0.057761  -0.052664
  2.735000   2.735000   0.000000   0.057761  -0.052664   0.048214
  4.102500   4.102500   1.367500  -0.052664   0.048214   0.009217
  2.735000   0.000000   2.735000   0.048214   0.009217   0.065093
  4.102500   1.367500   4.102500   0.009217   0.065093  -0.003242
  0.000000   2.735000   2.735000   0.065093  -0.003242  -0.014246
  1.367500   4.102500   4.102500  -0.003242  -0.014246  -0.007181

12 0 =   322.6583690 cm-1 
           X                Y                 Z              dx              dy              dz 
  0.000000   0.000000   0.000000   0.026594   0.000631   0.034494
  1.367500   1.367500   1.367500   0.000631   0.034494   0.045729
  2.735000   2.735000   0.000000   0.034494   0.045729   0.031678
  4.102500   4.102500   1.367500   0.045729   0.031678  -0.062495
  2.735000   0.000000   2.735000   0.031678  -0.062495   0.002861
  4.102500   1.367500   4.102500  -0.062495   0.002861   0.066619
  0.000000   2.735000   2.735000   0.002861   0.066619  -0.002082
  1.367500   4.102500   4.102500   0.066619  -0.002082  -0.023861

13 0 =   322.7041380 cm-1 
           X                Y                 Z              dx              dy              dz 
  0.000000   0.000000   0.000000   0.038061  -0.000424  -0.010189
  1.367500   1.367500   1.367500  -0.000424  -0.010189   0.001355
  2.735000   2.735000   0.000000  -0.010189   0.001355  -0.072169
  4.102500   4.102500   1.367500   0.001355  -0.072169   0.046224
  2.735000   0.000000   2.735000  -0.072169   0.046224   0.014310
  4.102500   1.367500   4.102500   0.046224   0.014310   0.001447
  0.000000   2.735000   2.735000   0.014310   0.001447   0.065096
  1.367500   4.102500   4.102500   0.001447   0.065096  -0.045264

14 0 =   322.7575530 cm-1 
           X                Y                 Z              dx              dy              dz 
  0.000000   0.000000   0.000000   0.068572   0.000396   0.010034
  1.367500   1.367500   1.367500   0.000396   0.010034  -0.027270
  2.735000   2.735000   0.000000   0.010034  -0.027270  -0.002822
  4.102500   4.102500   1.367500  -0.027270  -0.002822  -0.057819
  2.735000   0.000000   2.735000  -0.002822  -0.057819   0.065088
  4.102500   1.367500   4.102500  -0.057819   0.065088  -0.003242
  0.000000   2.735000   2.735000   0.065088  -0.003242  -0.014274
  1.367500   4.102500   4.102500  -0.003242  -0.014274  -0.003042

15 0 =   322.9479960 cm-1 
           X                Y                 Z              dx              dy              dz 
  0.000000   0.000000   0.000000   0.019931  -0.066313   0.043385
  1.367500   1.367500   1.367500  -0.066313   0.043385  -0.013598
  2.735000   2.735000   0.000000   0.043385  -0.013598   0.027479
  4.102500   4.102500   1.367500  -0.013598   0.027479   0.035739
  2.735000   0.000000   2.735000   0.027479   0.035739   0.002854
  4.102500   1.367500   4.102500   0.035739   0.002854   0.066618
  0.000000   2.735000   2.735000   0.002854   0.066618  -0.002110
  1.367500   4.102500   4.102500   0.066618  -0.002110  -0.003281

16 0 =   420.0048990 cm-1 
           X                Y                 Z              dx              dy              dz 
  0.000000   0.000000   0.000000   0.043479  -0.066707  -0.028485
  1.367500   1.367500   1.367500  -0.066707  -0.028485  -0.035262
  2.735000   2.735000   0.000000  -0.028485  -0.035262   0.017007
  4.102500   4.102500   1.367500  -0.035262   0.017007  -0.015090
  2.735000   0.000000   2.735000   0.017007  -0.015090   0.014320
  4.102500   1.367500   4.102500  -0.015090   0.014320   0.001450
  0.000000   2.735000   2.735000   0.014320   0.001450   0.065142
  1.367500   4.102500   4.102500   0.001450   0.065142   0.078867

17 0 =   420.0793070 cm-1 
           X                Y                 Z              dx              dy              dz 
  0.000000   0.000000   0.000000   0.059079   0.000098   0.028231
  1.367500   1.367500   1.367500   0.000098   0.028231   0.025508
  2.735000   2.735000   0.000000   0.028231   0.025508   0.006064
  4.102500   4.102500   1.367500   0.025508   0.006064   0.062684
  2.735000   0.000000   2.735000   0.006064   0.062684   0.065095
  4.102500   1.367500   4.102500   0.062684   0.065095  -0.003242
  0.000000   2.735000   2.735000   0.065095  -0.003242  -0.014228
  1.367500   4.102500   4.102500  -0.003242  -0.014228   0.007026

18 0 =   420.1405040 cm-1 
           X                Y                 Z              dx              dy              dz 
  0.000000   0.000000   0.000000   0.024236   0.000051   0.043523
  1.367500   1.367500   1.367500   0.000051   0.043523  -0.029746
  2.735000   2.735000   0.000000   0.043523  -0.029746  -0.070642
  4.102500   4.102500   1.367500  -0.029746  -0.070642  -0.023259
  2.735000   0.000000   2.735000  -0.070642  -0.023259   0.002848
  4.102500   1.367500   4.102500  -0.023259   0.002848   0.066618
  0.000000   2.735000   2.735000   0.002848   0.066618  -0.002166
  1.367500   4.102500   4.102500   0.066618  -0.002166   0.023775

19 0 =   420.2295190 cm-1 
           X                Y                 Z              dx              dy              dz 
  0.000000   0.000000   0.000000   0.040637   0.000167  -0.019253
  1.367500   1.367500   1.367500   0.000167  -0.019253   0.076897
  2.735000   2.735000   0.000000  -0.019253   0.076897   0.030120
  4.102500   4.102500   1.367500   0.076897   0.030120   0.007087
  2.735000   0.000000   2.735000   0.030120   0.007087   0.014325
  4.102500   1.367500   4.102500   0.007087   0.014325   0.001449
  0.000000   2.735000   2.735000   0.014325   0.001449   0.065185
  1.367500   4.102500   4.102500   0.001449   0.065185   0.045176

20 0 =   420.4037870 cm-1 
           X                Y                 Z              dx              dy              dz 
  0.000000   0.000000   0.000000   0.017797  -0.000294  -0.068020
  1.367500   1.367500   1.367500  -0.000294  -0.068020  -0.043183
  2.735000   2.735000   0.000000  -0.068020  -0.043183   0.036135
  4.102500   4.102500   1.367500  -0.043183   0.036135   0.027994
  2.735000   0.000000   2.735000   0.036135   0.027994   0.065103
  4.102500   1.367500   4.102500   0.027994   0.065103  -0.003238
  0.000000   2.735000   2.735000   0.065103  -0.003238  -0.014192
  1.367500   4.102500   4.102500  -0.003238  -0.014192   0.003051

21 0 =   420.6192840 cm-1 
           X                Y                 Z              dx              dy              dz 
  0.000000   0.000000   0.000000  -0.019925   0.066314  -0.043406
  1.367500   1.367500   1.367500   0.066314  -0.043406   0.013489
  2.735000   2.735000   0.000000  -0.043406   0.013489  -0.027427
  4.102500   4.102500   1.367500   0.013489  -0.027427  -0.035796
  2.735000   0.000000   2.735000  -0.027427  -0.035796   0.002854
  4.102500   1.367500   4.102500  -0.035796   0.002854   0.066617
  0.000000   2.735000   2.735000   0.002854   0.066617  -0.002109
  1.367500   4.102500   4.102500   0.066617  -0.002109  -0.003087

22 0 =   582.8593920 cm-1 
           X                Y                 Z              dx              dy              dz 
  0.000000   0.000000   0.000000   0.042974   0.066809  -0.029526
  1.367500   1.367500   1.367500   0.066809  -0.029526  -0.035295
  2.735000   2.735000   0.000000  -0.029526  -0.035295   0.016301
  4.102500   4.102500   1.367500  -0.035295   0.016301  -0.014786
  2.735000   0.000000   2.735000   0.016301  -0.014786   0.014321
  4.102500   1.367500   4.102500  -0.014786   0.014321   0.001451
  0.000000   2.735000   2.735000   0.014321   0.001451   0.065145
  1.367500   4.102500   4.102500   0.001451   0.065145  -0.078902

23 0 =   582.8773450 cm-1 
           X                Y                 Z              dx              dy              dz 
  0.000000   0.000000   0.000000   0.019613  -0.000355  -0.057774
  1.367500   1.367500   1.367500  -0.000355  -0.057774   0.052769
  2.735000   2.735000   0.000000  -0.057774   0.052769  -0.048076
  4.102500   4.102500   1.367500   0.052769  -0.048076  -0.009269
  2.735000   0.000000   2.735000  -0.048076  -0.009269   0.065093
  4.102500   1.367500   4.102500  -0.009269   0.065093  -0.003240
  0.000000   2.735000   2.735000   0.065093  -0.003240  -0.014227
  1.367500   4.102500   4.102500  -0.003240  -0.014227  -0.007024

24 0 =   582.9452980 cm-1 
           X                Y                 Z              dx              dy              dz 
  0.000000   0.000000   0.000000  -0.024034  -0.000051  -0.043617
  1.367500   1.367500   1.367500  -0.000051  -0.043617   0.029863
  2.735000   2.735000   0.000000  -0.043617   0.029863   0.070611
  4.102500   4.102500   1.367500   0.029863   0.070611   0.023331
  2.735000   0.000000   2.735000   0.070611   0.023331   0.002854
  4.102500   1.367500   4.102500   0.023331   0.002854   0.066619
  0.000000   2.735000   2.735000   0.002854   0.066619  -0.002098
  1.367500   4.102500   4.102500   0.066619  -0.002098   0.023839

