 Note: freq.dat has 8 imaginary frequencies.
 Frequencies 	 Amplitude 
	 1 	 
	 2 	 
	 3 	 
	 4 	 
	 5 	 
	 6 	 
	 7 	 
	 8 	 
	 9 	 
	 10 	 3.14129971565459e-22
	 11 	 9.08348656128565e-27
	 12 	 9.66276236447637e-32
	 13 	 3.78142541086646e-37
	 14 	 5.44396463886727e-43
	 15 	 2.88323851654648e-49
	 16 	 5.61760714461718e-56
	 17 	 4.02649974618315e-63
	 18 	 1.06171879558775e-70
	 19 	 1.02990425759267e-78
	 20 	 3.67527397561571e-87
	 21 	 4.82489763016794e-96
	 22 	 2.33019360165955e-105
	 23 	 4.14001033788264e-115
	 24 	 2.70592879281502e-125
	 25 	 6.50634098664554e-136
	 26 	 5.75523146236869e-147
	 27 	 1.8728124475253e-158
	 28 	 2.24197774810295e-170
	 29 	 9.87356129475099e-183
	 30 	 1.59963859311958e-195
	 31 	 9.53400638363353e-209
	 32 	 2.09042466696135e-222
	 33 	 1.6861613201627e-236
	 34 	 5.00344628545936e-251
	 35 	 5.46191426888368e-266
	 36 	 2.19344139110935e-281
	 37 	 3.24050509062828e-297
	 38 	 1.76118468260711e-313
	 39 	 0
	 40 	 0
	 41 	 0
	 42 	 0
	 43 	 0
	 44 	 0
	 45 	 0
	 46 	 0
	 47 	 0
	 48 	 0
	 49 	 0
	 50 	 0
	 51 	 0
	 52 	 0
	 53 	 0
	 54 	 0
	 55 	 0
	 56 	 0
	 57 	 0
	 58 	 0
	 59 	 0
	 60 	 0
	 61 	 0
	 62 	 0
	 63 	 0
	 64 	 0
	 65 	 0
	 66 	 0
	 67 	 0
	 68 	 0
	 69 	 0
	 70 	 0
	 71 	 0
	 72 	 0
	 73 	 0
	 74 	 0
	 75 	 0
	 76 	 0
	 77 	 0
	 78 	 0
	 79 	 0
	 80 	 0
	 81 	 0
	 82 	 0
	 83 	 0
	 84 	 0
	 85 	 0
	 86 	 0
	 87 	 0
	 88 	 0
	 89 	 0
	 90 	 0
	 91 	 0
	 92 	 0
	 93 	 0
	 94 	 0
	 95 	 0
	 96 	 0
	 97 	 0
	 98 	 0
	 99 	 0
	 100 	 0
	 101 	 0
	 102 	 0
	 103 	 0
	 104 	 0
	 105 	 0
	 106 	 0
	 107 	 0
	 108 	 0
	 109 	 0
	 110 	 0
	 111 	 0
	 112 	 0
	 113 	 0
	 114 	 0
	 115 	 0
	 116 	 0
	 117 	 0
	 118 	 0
	 119 	 0
	 120 	 0
	 121 	 0
	 122 	 0
	 123 	 0
	 124 	 0
	 125 	 0
	 126 	 0
	 127 	 0
	 128 	 0
	 129 	 0
	 130 	 0
	 131 	 0
	 132 	 0
	 133 	 0
	 134 	 0
	 135 	 0
	 136 	 0
	 137 	 0
	 138 	 0
	 139 	 0
	 140 	 0
	 141 	 0
	 142 	 0
	 143 	 0
	 144 	 0
	 145 	 0
	 146 	 0
	 147 	 0
	 148 	 0
	 149 	 0
	 150 	 0
	 151 	 0
	 152 	 0
	 153 	 0
	 154 	 0
	 155 	 0
	 156 	 0
	 157 	 0
	 158 	 0
	 159 	 0
	 160 	 0
	 161 	 0
	 162 	 0
	 163 	 0
	 164 	 0
	 165 	 0
	 166 	 0
	 167 	 0
	 168 	 0
	 169 	 0
	 170 	 0
	 171 	 0
	 172 	 0
	 173 	 0
	 174 	 0
	 175 	 0
	 176 	 0
	 177 	 0
	 178 	 0
	 179 	 0
	 180 	 0
	 181 	 0
	 182 	 0
	 183 	 0
	 184 	 0
	 185 	 0
	 186 	 0
	 187 	 0
	 188 	 0
	 189 	 0
	 190 	 0
	 191 	 0
	 192 	 0
	 193 	 0
	 194 	 0
	 195 	 0
	 196 	 0
	 197 	 0
	 198 	 0
	 199 	 0
	 200 	 0
	 201 	 0
	 202 	 0
	 203 	 0
	 204 	 0
	 205 	 0
	 206 	 0
	 207 	 0
	 208 	 0
	 209 	 0
	 210 	 0
	 211 	 0
	 212 	 0
	 213 	 0
	 214 	 0
	 215 	 0
	 216 	 0
	 217 	 0
	 218 	 0
	 219 	 0
	 220 	 0
	 221 	 0
	 222 	 0
	 223 	 0
	 224 	 0
	 225 	 0
	 226 	 0
	 227 	 0
	 228 	 0
	 229 	 0
	 230 	 0
	 231 	 0
	 232 	 0
	 233 	 0
	 234 	 0
	 235 	 0
	 236 	 0
	 237 	 0
	 238 	 0
	 239 	 0
	 240 	 0
	 241 	 0
	 242 	 0
	 243 	 0
	 244 	 0
	 245 	 0
	 246 	 0
	 247 	 0
	 248 	 0
	 249 	 0
	 250 	 0
	 251 	 0
	 252 	 0
	 253 	 0
	 254 	 0
	 255 	 0
	 256 	 0
	 257 	 0
	 258 	 0
	 259 	 0
	 260 	 0
	 261 	 0
	 262 	 0
	 263 	 0
	 264 	 0
	 265 	 0
	 266 	 0
	 267 	 0
	 268 	 0
	 269 	 0
	 270 	 0
	 271 	 0
	 272 	 0
	 273 	 0
	 274 	 0
	 275 	 0
	 276 	 0
	 277 	 0
	 278 	 0
	 279 	 0
	 280 	 0
	 281 	 0
	 282 	 0
	 283 	 0
	 284 	 1.48219693752374e-323
	 285 	 4.20714298422034e-307
	 286 	 5.3429220840766e-291
	 287 	 2.49730706692428e-275
	 288 	 4.29615219325905e-260
	 289 	 2.72029658125304e-245
	 290 	 6.34011818587757e-231
	 291 	 5.43926278476397e-217
	 292 	 1.71776218027942e-203
	 293 	 1.99704042764924e-190
	 294 	 8.54739949426514e-178
	 295 	 1.34688081506036e-165
	 296 	 7.81446872767103e-154
	 297 	 1.66945473818469e-142
	 298 	 1.31337110344036e-131
	 299 	 3.80516805269963e-121
	 300 	 4.06044237188908e-111
	 301 	 1.59598754785342e-101
	 302 	 2.31094813434858e-92
	 303 	 1.23284439032e-83
	 304 	 2.42349420752954e-75
	 305 	 1.75572232884516e-67
	 306 	 4.68836355682542e-60
	 307 	 4.61549050847556e-53
	 308 	 1.67546150848725e-46
	 309 	 2.24321522838094e-40
	 310 	 1.10800147413236e-34
	 311 	 2.01962848072835e-29
	 312 	 1.35897845712893e-24
	 313 	 3.37703488608278e-20
	 314 	 3.10057107562217e-16
	 315 	 1.05236992245769e-12
	 316 	 1.32128771784564e-09
	 317 	 6.14134642837512e-07
	 318 	 0.000105770590557903
	 319 	 0.00675726594710025
	 320 	 0.160335304148393
	 321 	 1.41502660204184
	 322 	 4.65233656653879
	 323 	 5.70805417380113
	 324 	 2.61794751684281
	 325 	 0.449557507091464
	 326 	 0.0289427193130068
	 327 	 0.000699223324412724
	 328 	 6.34114211192288e-06
	 329 	 2.15813730188312e-08
	 330 	 2.75407613717217e-11
	 331 	 1.31602674641008e-14
	 332 	 2.35069968751818e-18
	 333 	 1.56654162742342e-22
	 334 	 3.88732576652524e-27
	 335 	 3.58518051079167e-32
	 336 	 1.22681352381528e-37
	 337 	 1.55524034853904e-43
	 338 	 7.29465970059534e-50
	 339 	 1.26452747026504e-56
	 340 	 8.09424369348413e-64
	 341 	 1.9117437217849e-71
	 342 	 1.66505960658065e-79
	 343 	 5.34525466815496e-88
	 344 	 6.32235148002291e-97
	 345 	 2.75440052057558e-106
	 346 	 4.41883014451853e-116
	 347 	 2.60996318119469e-126
	 348 	 5.67466986758759e-137
	 349 	 4.54121378863967e-148
	 350 	 1.33747381549525e-159
	 351 	 1.44959320978004e-171
	 352 	 5.78131896309723e-184
	 353 	 8.48409521135049e-197
	 354 	 4.58104137837706e-210
	 355 	 9.10099169116046e-224
	 356 	 6.65223483952038e-238
	 357 	 1.7889225346618e-252
	 358 	 1.76991800223905e-267
	 359 	 6.44238065174131e-283
	 360 	 8.62713046175091e-299
	 361 	 4.25019787548446e-315
	 362 	 0
	 363 	 0
	 364 	 0
	 365 	 0
	 366 	 0
	 367 	 0
	 368 	 0
	 369 	 0
	 370 	 0
	 371 	 0
	 372 	 0
	 373 	 0
	 374 	 0
	 375 	 0
	 376 	 0
	 377 	 0
	 378 	 0
	 379 	 0
	 380 	 0
	 381 	 0
	 382 	 2.10916264134585e-314
	 383 	 4.13156844492515e-298
	 384 	 2.97858355319023e-282
	 385 	 7.90333966570032e-267
	 386 	 7.71853870850291e-252
	 387 	 2.77461218800366e-237
	 388 	 3.67141294384655e-223
	 389 	 1.78834322427541e-209
	 390 	 3.20686245406035e-196
	 391 	 2.11713785701707e-183
	 392 	 5.14620949251931e-171
	 393 	 4.6060474095872e-159
	 394 	 1.51812770231312e-147
	 395 	 1.84275288671111e-136
	 396 	 8.23851085018686e-126
	 397 	 1.3567553425854e-115
	 398 	 8.23149898928596e-106
	 399 	 1.84009328560372e-96
	 400 	 1.51582669313165e-87
	 401 	 4.60235933993693e-79
	 402 	 5.1512600856937e-71
	 403 	 2.1258797816858e-63
	 404 	 3.23562172822107e-56
	 405 	 1.81670997054366e-49
	 406 	 3.7640348253231e-43
	 407 	 2.87881348634354e-37
	 408 	 8.13097775486422e-32
	 409 	 8.48500974788574e-27
	 410 	 3.27338924200749e-22
	 411 	 4.67190663386033e-18
	 412 	 2.46910621272687e-14
	 413 	 4.83778617022831e-11
	 414 	 3.51953756066367e-08
	 415 	 9.52676716585891e-06
	 416 	 0.000962074636630855
	 417 	 0.0363776255469983
	 418 	 0.517402447560565
	 419 	 2.78391369070648
	 420 	 5.70323754423422
	 421 	 4.47770196844297
	 422 	 1.35454617151725
	 423 	 0.158343869917633
	 424 	 0.00714965050792814
	 425 	 0.000124228870109797
	 426 	 8.25634434431341e-07
	 427 	 2.08420958388601e-09
	 428 	 1.98489517904509e-12
	 429 	 7.0896001057133e-16
	 430 	 9.45219163723772e-20
	 431 	 4.68684548221343e-24
	 432 	 8.61932413293084e-29
	 433 	 5.8671476565506e-34
	 434 	 1.47601588719091e-39
	 435 	 1.37083329649358e-45
	 436 	 4.69624925812172e-52
	 437 	 5.93094317905228e-59
	 438 	 2.75995083749876e-66
	 439 	 4.73075951766829e-74
	 440 	 2.98603570607006e-82
	 441 	 6.93909858024597e-91
	 442 	 5.93587214441345e-100
	 443 	 1.86889229682244e-109
	 444 	 2.16550353298936e-119
	 445 	 9.23366612060627e-130
	 446 	 1.44878172238881e-140
	 447 	 8.36418666231087e-152
	 448 	 1.77672114734819e-163
	 449 	 1.38859603241631e-175
	 450 	 3.99284733449611e-188
	 451 	 4.22406755922215e-201
	 452 	 1.64404363356519e-214
	 453 	 2.3540978811881e-228
	 454 	 1.24010899127364e-242
	 455 	 2.40334279606419e-257
	 456 	 1.71352001506445e-272
	 457 	 4.49446381510048e-288
	 458 	 4.33690537510618e-304
	 459 	 1.53950855244132e-320
	 460 	 0
	 461 	 0
	 462 	 0
	 463 	 0
	 464 	 0
	 465 	 0
	 466 	 0
	 467 	 0
	 468 	 0
	 469 	 0
	 470 	 0
	 471 	 0
	 472 	 0
	 473 	 0
	 474 	 0
	 475 	 0
	 476 	 0
	 477 	 0
	 478 	 0
	 479 	 0
	 480 	 0
	 481 	 0
	 482 	 0
	 483 	 0
	 484 	 0
	 485 	 0
	 486 	 0
	 487 	 0
	 488 	 0
	 489 	 0
	 490 	 0
	 491 	 0
	 492 	 0
	 493 	 0
	 494 	 0
	 495 	 0
	 496 	 0
	 497 	 0
	 498 	 0
	 499 	 0
	 500 	 0
	 501 	 0
	 502 	 0
	 503 	 0
	 504 	 0
	 505 	 0
	 506 	 0
	 507 	 0
	 508 	 0
	 509 	 0
	 510 	 0
	 511 	 0
	 512 	 0
	 513 	 0
	 514 	 0
	 515 	 0
	 516 	 0
	 517 	 0
	 518 	 0
	 519 	 0
	 520 	 0
	 521 	 0
	 522 	 0
	 523 	 0
	 524 	 0
	 525 	 0
	 526 	 0
	 527 	 0
	 528 	 0
	 529 	 0
	 530 	 0
	 531 	 0
	 532 	 0
	 533 	 0
	 534 	 0
	 535 	 0
	 536 	 0
	 537 	 0
	 538 	 0
	 539 	 0
	 540 	 0
	 541 	 0
	 542 	 0
	 543 	 0
	 544 	 0
	 545 	 7.23159507316183e-312
	 546 	 1.23027312335168e-295
	 547 	 7.70154066866714e-280
	 548 	 1.77405861545345e-264
	 549 	 1.50376025464671e-249
	 550 	 4.69046532453269e-235
	 551 	 5.38377337612918e-221
	 552 	 2.27404149247284e-207
	 553 	 3.53474827787113e-194
	 554 	 2.02197271460138e-181
	 555 	 4.2565474787246e-169
	 556 	 3.29772385062961e-157
	 557 	 9.40276233573137e-146
	 558 	 9.86714061195387e-135
	 559 	 3.81094555475151e-124
	 560 	 5.41740379892299e-114
	 561 	 2.83451506086969e-104
	 562 	 5.45893705786031e-95
	 563 	 3.86983477451033e-86
	 564 	 1.00982388025901e-77
	 565 	 9.70023327561322e-70
	 566 	 3.43018130204083e-62
	 567 	 4.46545697513415e-55
	 568 	 2.14015284083663e-48
	 569 	 3.77633329059034e-42
	 570 	 2.45335014519875e-36
	 571 	 5.86853745288055e-31
	 572 	 5.16891169337393e-26
	 573 	 1.67642930472593e-21
	 574 	 2.00219536961686e-17
	 575 	 8.80604679646535e-14
	 576 	 1.42635316442711e-10
	 577 	 8.50869126131241e-08
	 578 	 1.86941566060286e-05
	 579 	 0.00151277314106829
	 580 	 0.0450903305289758
	 581 	 0.495052105147754
	 582 	 2.00212718041023
	 583 	 2.98277221768087
	 584 	 1.63700316437794
	 585 	 0.330972601463396
	 586 	 0.0246523541995766
	 587 	 0.000676484495310415
	 588 	 6.83908613321185e-06
	 589 	 2.54732933480681e-08
	 590 	 3.49561183219985e-11
	 591 	 1.76731872371461e-14
	 592 	 3.2920074025093e-18
	 593 	 2.25922671200579e-22
	 594 	 5.71227266294693e-27
	 595 	 5.32112392776972e-32
	 596 	 1.82615077356525e-37
	 597 	 2.30887550698104e-43
	 598 	 1.07543770523977e-49
	 599 	 1.84535364706759e-56
	 600 	 1.16646294293622e-63
